SPX (S&P 500 INDEX),2684.79,+2.17,
Dec 28 2017 @ 11:12 ET,
Calls,Last Sale,Net,Bid,Ask,Vol,Open Int,Puts,Last Sale,Net,Bid,Ask,Vol,Open Int,
18 Dec 1325.00 (SPX1821L1325),1077.7,0.0,1338.7,1349.1,0,1,18 Dec 1325.00 (SPX1821X1325),3.7,0.0,1.3,2.95,0,1103,
18 Dec 1350.00 (SPX1821L1350),1056.7,0.0,1314.5,1324.8,0,5,18 Dec 1350.00 (SPX1821X1350),4.0,0.0,1.55,3.2,0,3267,
18 Dec 1375.00 (SPX1821L1375),1034.2,0.0,1290.3,1300.6,0,6,18 Dec 1375.00 (SPX1821X1375),5.1,0.0,1.85,3.9,0,1399,
18 Dec 1400.00 (SPX1821L1400),1274.15,0.0,1266.1,1276.3,0,12,18 Dec 1400.00 (SPX1821X1400),3.6,0.0,2.15,4.2,0,11869,
18 Dec 1425.00 (SPX1821L1425),0.0,0.0,1242.0,1252.2,0,0,18 Dec 1425.00 (SPX1821X1425),5.1,0.0,2.5,4.5,0,618,
18 Dec 1450.00 (SPX1821L1450),0.0,0.0,1217.8,1228.0,0,0,18 Dec 1450.00 (SPX1821X1450),3.8,0.0,2.85,4.9,0,2356,
18 Dec 1475.00 (SPX1821L1475),939.7,0.0,1193.7,1203.9,0,1,18 Dec 1475.00 (SPX1821X1475),6.25,0.0,3.2,5.0,0,2480,
18 Dec 1500.00 (SPX1821L1500),959.9,0.0,1169.7,1179.7,0,22,18 Dec 1500.00 (SPX1821X1500),4.0,0.0,3.7,5.0,0,15562,
18 Dec 1525.00 (SPX1821L1525),389.15,0.0,1145.6,1155.7,0,1,18 Dec 1525.00 (SPX1821X1525),7.7,0.0,4.1,6.2,0,5879,
18 Dec 1550.00 (SPX1821L1550),561.3,0.0,1121.7,1131.7,0,1,18 Dec 1550.00 (SPX1821X1550),5.95,0.0,4.6,6.6,0,1803,
18 Dec 1575.00 (SPX1821L1575),0.0,0.0,1097.7,1107.6,0,0,18 Dec 1575.00 (SPX1821X1575),6.6,0.0,5.1,7.2,0,691,
18 Dec 1600.00 (SPX1821L1600),1080.75,0.0,1073.8,1083.6,0,77,18 Dec 1600.00 (SPX1821X1600),6.1,0.0,5.6,7.7,0,31839,
18 Dec 1625.00 (SPX1821L1625),594.75,0.0,1049.8,1059.7,0,2,18 Dec 1625.00 (SPX1821X1625),8.1,0.0,6.3,8.3,0,1032,
18 Dec 1650.00 (SPX1821L1650),933.0,0.0,1026.1,1035.8,0,11,18 Dec 1650.00 (SPX1821X1650),7.5,0.0,6.9,9.0,0,7399,
18 Dec 1675.00 (SPX1821L1675),910.6,0.0,1002.2,1012.0,0,152,18 Dec 1675.00 (SPX1821X1675),8.85,0.0,7.6,9.7,0,1803,
18 Dec 1700.00 (SPX1821L1700),985.0,0.0,978.5,988.2,0,114,18 Dec 1700.00 (SPX1821X1700),9.2,0.0,8.3,10.4,0,10900,
18 Dec 1725.00 (SPX1821L1725),964.6,0.0,954.8,964.4,0,24,18 Dec 1725.00 (SPX1821X1725),10.27,0.0,9.1,11.3,0,2573,
18 Dec 1750.00 (SPX1821L1750),942.0,0.0,931.2,940.7,0,631,18 Dec 1750.00 (SPX1821X1750),11.28,0.0,9.9,12.2,0,5311,
18 Dec 1775.00 (SPX1821L1775),817.0,0.0,907.6,917.1,0,19,18 Dec 1775.00 (SPX1821X1775),12.8,0.0,10.7,13.1,0,1680,
18 Dec 1800.00 (SPX1821L1800),805.3,0.0,884.1,893.6,0,540,18 Dec 1800.00 (SPX1821X1800),12.93,0.38,11.7,14.1,6,27074,
18 Dec 1825.00 (SPX1821L1825),768.6,0.0,860.6,870.0,0,18,18 Dec 1825.00 (SPX1821X1825),14.5,0.0,12.7,15.2,0,4365,
18 Dec 1850.00 (SPX1821L1850),843.06,0.0,837.1,846.5,0,366,18 Dec 1850.00 (SPX1821X1850),14.93,0.0,13.7,16.3,0,14740,
18 Dec 1875.00 (SPX1821L1875),724.55,0.0,813.8,823.1,0,22,18 Dec 1875.00 (SPX1821X1875),19.7,0.0,14.9,17.5,0,4272,
18 Dec 1900.00 (SPX1821L1900),765.8,0.0,790.6,799.8,0,2728,18 Dec 1900.00 (SPX1821X1900),17.2,-0.7,16.1,18.8,100,25812,
18 Dec 1925.00 (SPX1821L1925),679.05,0.0,767.4,776.6,0,1109,18 Dec 1925.00 (SPX1821X1925),20.18,0.0,17.3,20.1,0,6004,
18 Dec 1950.00 (SPX1821L1950),656.3,0.0,744.3,753.4,0,891,18 Dec 1950.00 (SPX1821X1950),20.2,0.0,18.7,21.5,0,13849,
18 Dec 1975.00 (SPX1821L1975),686.9,0.0,721.3,730.3,0,302,18 Dec 1975.00 (SPX1821X1975),25.37,0.0,20.1,23.0,0,6484,
18 Dec 2000.00 (SPX1821L2000),695.0,0.0,698.4,707.4,0,7017,18 Dec 2000.00 (SPX1821X2000),23.01,-0.19,21.6,24.7,12,36011,
18 Dec 2025.00 (SPX1821L2025),591.86,0.0,675.6,684.6,0,1267,18 Dec 2025.00 (SPX1821X2025),26.81,0.0,23.3,26.4,0,4703,
18 Dec 2050.00 (SPX1821L2050),636.95,0.0,653.0,661.9,0,7004,18 Dec 2050.00 (SPX1821X2050),26.47,0.0,25.0,28.2,0,9374,
18 Dec 2075.00 (SPX1821L2075),628.9,0.0,630.4,639.2,0,1994,18 Dec 2075.00 (SPX1821X2075),27.7,0.0,26.9,30.2,0,8111,
18 Dec 2100.00 (SPX1821L2100),613.47,0.0,607.9,616.7,0,12764,18 Dec 2100.00 (SPX1821X2100),31.0,0.23,28.9,32.2,100,37590,
18 Dec 2125.00 (SPX1821L2125),578.25,0.0,585.6,594.2,0,1035,18 Dec 2125.00 (SPX1821X2125),33.0,0.0,31.0,34.4,0,5874,
18 Dec 2150.00 (SPX1821L2150),543.5,0.0,563.4,572.0,0,5257,18 Dec 2150.00 (SPX1821X2150),35.5,0.75,33.2,36.7,3,16869,
18 Dec 2175.00 (SPX1821L2175),547.88,0.0,541.3,549.8,0,2497,18 Dec 2175.00 (SPX1821X2175),37.0,0.0,35.5,39.2,0,6726,
18 Dec 2200.00 (SPX1821L2200),524.16,0.0,519.4,527.9,0,6901,18 Dec 2200.00 (SPX1821X2200),39.0,-2.0,38.1,41.8,18,35942,
18 Dec 2225.00 (SPX1821L2225),491.38,0.0,497.6,506.0,0,359,18 Dec 2225.00 (SPX1821X2225),43.14,0.0,40.8,44.5,0,3903,
18 Dec 2250.00 (SPX1821L2250),480.7,0.0,476.1,484.3,0,4992,18 Dec 2250.00 (SPX1821X2250),44.0,0.0,43.6,47.4,0,17252,
18 Dec 2275.00 (SPX1821L2275),460.42,0.0,454.7,462.8,0,5560,18 Dec 2275.00 (SPX1821X2275),48.0,-1.02,46.6,50.6,39,14709,
18 Dec 2300.00 (SPX1821L2300),440.0,0.0,433.4,441.5,0,18527,18 Dec 2300.00 (SPX1821X2300),52.5,0.0,49.8,53.8,0,23480,
18 Dec 2325.00 (SPX1821L2325),415.0,0.0,412.4,420.4,0,6125,18 Dec 2325.00 (SPX1821X2325),56.4,0.0,53.2,57.3,0,7035,
18 Dec 2350.00 (SPX1821L2350),396.0,0.0,391.6,399.5,0,5925,18 Dec 2350.00 (SPX1821X2350),58.65,-0.89,56.8,61.1,675,17702,
18 Dec 2375.00 (SPX1821L2375),376.6,0.0,371.0,378.8,0,11115,18 Dec 2375.00 (SPX1821X2375),62.7,0.55,60.7,65.0,1,13085,
18 Dec 2400.00 (SPX1821L2400),355.98,0.0,350.7,358.4,0,18440,18 Dec 2400.00 (SPX1821X2400),67.1,-0.81,64.8,69.2,60,27614,
18 Dec 2425.00 (SPX1821L2425),334.1,-1.05,330.6,338.2,115,5272,18 Dec 2425.00 (SPX1821X2425),71.25,0.85,69.1,73.6,937,9920,
18 Dec 2450.00 (SPX1821L2450),315.68,0.0,310.8,318.2,0,6812,18 Dec 2450.00 (SPX1821X2450),75.7,-0.15,73.7,77.8,230,11436,
18 Dec 2475.00 (SPX1821L2475),294.4,-1.2,291.3,298.6,115,11160,18 Dec 2475.00 (SPX1821X2475),81.0,1.5,78.6,83.3,187,12397,
18 Dec 2500.00 (SPX1821L2500),277.2,-0.2,272.2,278.8,7,12727,18 Dec 2500.00 (SPX1821X2500),86.25,-1.35,83.8,88.5,11,15446,
18 Dec 2525.00 (SPX1821L2525),257.6,0.0,253.3,259.8,0,2198,18 Dec 2525.00 (SPX1821X2525),93.6,0.0,89.1,93.9,0,2581,
18 Dec 2550.00 (SPX1821L2550),237.68,-3.47,234.8,241.8,1,10591,18 Dec 2550.00 (SPX1821X2550),97.98,0.98,94.9,99.9,3,10382,
18 Dec 2575.00 (SPX1821L2575),221.77,0.0,216.7,223.5,0,13263,18 Dec 2575.00 (SPX1821X2575),105.56,0.0,101.3,106.4,0,14449,
18 Dec 2600.00 (SPX1821L2600),203.85,0.0,198.9,205.7,0,43072,18 Dec 2600.00 (SPX1821X2600),110.0,0.0,107.9,113.2,0,12740,
18 Dec 2625.00 (SPX1821L2625),184.77,0.0,181.7,188.3,0,7110,18 Dec 2625.00 (SPX1821X2625),117.0,0.0,115.1,120.4,0,3730,
18 Dec 2650.00 (SPX1821L2650),167.16,0.0,165.0,171.4,0,6407,18 Dec 2650.00 (SPX1821X2650),127.59,0.0,122.7,128.1,0,5476,
18 Dec 2675.00 (SPX1821L2675),155.2,0.0,148.4,154.7,0,5745,18 Dec 2675.00 (SPX1821X2675),132.8,0.0,130.8,136.5,0,2713,
18 Dec 2700.00 (SPX1821L2700),136.0,1.0,132.8,139.0,350,10138,18 Dec 2700.00 (SPX1821X2700),143.8,-1.45,139.6,145.4,350,3174,
18 Dec 2725.00 (SPX1821L2725),121.9,0.0,117.9,124.0,0,1539,18 Dec 2725.00 (SPX1821X2725),154.47,0.0,149.1,155.0,0,63,
18 Dec 2750.00 (SPX1821L2750),107.7,0.0,103.8,109.6,0,7488,18 Dec 2750.00 (SPX1821X2750),164.87,0.0,159.3,165.4,0,674,
18 Dec 2775.00 (SPX1821L2775),96.0,0.0,90.4,96.1,0,2166,18 Dec 2775.00 (SPX1821X2775),174.07,0.0,170.2,176.5,0,160,
18 Dec 2800.00 (SPX1821L2800),80.75,-1.25,77.9,83.5,212,12675,18 Dec 2800.00 (SPX1821X2800),185.11,-0.64,182.0,188.6,9,631,
18 Dec 2825.00 (SPX1821L2825),71.95,0.0,66.4,71.8,0,646,18 Dec 2825.00 (SPX1821X2825),197.54,-1.56,194.8,201.6,10,173,
18 Dec 2850.00 (SPX1821L2850),59.0,0.0,55.9,61.1,0,5062,18 Dec 2850.00 (SPX1821X2850),212.74,0.0,208.5,215.5,0,146,
18 Dec 2875.00 (SPX1821L2875),49.3,-0.25,46.5,51.5,100,302,18 Dec 2875.00 (SPX1821X2875),225.65,0.0,223.3,230.6,0,19,
18 Dec 2900.00 (SPX1821L2900),41.0,0.0,38.1,42.8,0,16035,18 Dec 2900.00 (SPX1821X2900),242.51,-0.89,239.2,246.8,1,556,
18 Dec 2950.00 (SPX1821L2950),27.7,0.0,24.7,28.9,0,5280,18 Dec 2950.00 (SPX1821X2950),0.0,0.0,274.3,282.4,0,0,
18 Dec 3000.00 (SPX1821L3000),17.75,0.0,15.6,19.0,0,32111,18 Dec 3000.00 (SPX1821X3000),312.08,0.0,313.4,321.9,0,136,
18 Dec 3100.00 (SPX1821L3100),7.2,-0.38,7.2,8.2,1,15622,18 Dec 3100.00 (SPX1821X3100),524.8,0.0,401.0,410.2,0,5,
18 Dec 3200.00 (SPX1821L3200),3.1,-0.1,2.4,4.5,10,2388,18 Dec 3200.00 (SPX1821X3200),0.0,0.0,495.1,504.7,0,0,
18 Dec 3300.00 (SPX1821L3300),1.9,-0.5,1.0,3.0,110,78,18 Dec 3300.00 (SPX1821X3300),893.05,0.0,591.6,601.3,0,12,
18 Dec 3400.00 (SPX1821L3400),2.0,0.0,0.25,2.0,0,224,18 Dec 3400.00 (SPX1821X3400),891.0,0.0,688.9,698.7,0,2,
18 Dec 3500.00 (SPX1821L3500),0.8,0.0,0.6,0.9,0,1997,18 Dec 3500.00 (SPX1821X3500),818.05,0.0,786.4,796.4,0,1332,